H 1.6467073500E+00 5.1604641200E+00 1.5077935840E+01 
B1 2.3378078150E+00 5.9940784269E+00 1.5319018224E+01 
O 3.7989164400E+00 7.6076594700E+00  1.5776000680E+01
H 1.6467073500E+00 5.1604641200E+00 1.5077935840E+01 
B1 2.3378078150E+00 5.9940784269E+00 1.5319018224E+01 
O 3.7989164400E+00 7.6076594700E+00  1.5776000680E+01
H 1.6467073500E+00 5.1604641200E+00 1.5077935840E+01 
B1 2.3378078150E+00 5.9940784269E+00 1.5319018224E+01 
O 3.7989164400E+00 7.6076594700E+00  1.5776000680E+01
H 1.6467073500E+00 5.1604641200E+00 1.5077935840E+01 
B1 2.3378078150E+00 5.9940784269E+00 1.5319018224E+01 
O 3.7989164400E+00 7.6076594700E+00  1.5776000680E+01
H 1.6467073500E+00 5.1604641200E+00 1.5077935840E+01 
B1 2.3378078150E+00 5.9940784269E+00 1.5319018224E+01 
O 3.7989164400E+00 7.6076594700E+00  1.5776000680E+01
Br 1.54E+01 5.81E+00 1.40E+01
B1 1.58E+01 7.64E+00 1.31E+01
Br 1.62E+01 9.47E+00 1.23E+01